{
 "cells": [
  {
   "cell_type": "code",
   "execution_count": 30,
   "id": "7e1d119c",
   "metadata": {},
   "outputs": [],
   "source": [
    "import numpy as np\n",
    "import pandas as pd\n",
    "\n",
    "np.random.seed(42)\n",
    "\n",
    "n = 200      # sample size\n",
    "J = 10       # number of predictors\n",
    "rho = 0.5    # correlation structure"
   ]
  },
  {
   "cell_type": "code",
   "execution_count": 31,
   "id": "d6e83768",
   "metadata": {},
   "outputs": [],
   "source": [
    "Sigma = np.zeros((J,J))\n",
    "\n",
    "for l in range(J):\n",
    "    for m in range(J):\n",
    "        Sigma[l,m] = rho ** abs(l-m)"
   ]
  },
  {
   "cell_type": "code",
   "execution_count": 32,
   "id": "3c017b28",
   "metadata": {},
   "outputs": [],
   "source": [
    "X = np.random.multivariate_normal(\n",
    "    mean=np.zeros(J),\n",
    "    cov=Sigma,\n",
    "    size=n\n",
    ")"
   ]
  },
  {
   "cell_type": "code",
   "execution_count": 33,
   "id": "6831fc5c",
   "metadata": {},
   "outputs": [],
   "source": [
    "beta = np.array([\n",
    "    1.0,\n",
    "    0.8,\n",
    "    0.6,\n",
    "    0.4,\n",
    "    0.2,\n",
    "    0,\n",
    "    0,\n",
    "    0,\n",
    "    0,\n",
    "    0\n",
    "])"
   ]
  },
  {
   "cell_type": "code",
   "execution_count": 34,
   "id": "5196efea",
   "metadata": {},
   "outputs": [],
   "source": [
    "# 產生noise\n",
    "sigma = 1\n",
    "\n",
    "epsilon = np.random.normal(\n",
    "    0,\n",
    "    sigma,\n",
    "    size=n\n",
    ")"
   ]
  },
  {
   "cell_type": "code",
   "execution_count": 35,
   "id": "ff40424d",
   "metadata": {},
   "outputs": [],
   "source": [
    "# 先不加截距項\n",
    "# beta0 = 1\n",
    "\n",
    "mu = X @ beta # + beta0\n",
    "\n",
    "Y = mu + epsilon"
   ]
  },
  {
   "cell_type": "code",
   "execution_count": 36,
   "id": "eb341c14",
   "metadata": {},
   "outputs": [
    {
     "data": {
      "application/vnd.microsoft.datawrangler.viewer.v0+json": {
       "columns": [
        {
         "name": "index",
         "rawType": "int64",
         "type": "integer"
        },
        {
         "name": "X1",
         "rawType": "float64",
         "type": "float"
        },
        {
         "name": "X2",
         "rawType": "float64",
         "type": "float"
        },
        {
         "name": "X3",
         "rawType": "float64",
         "type": "float"
        },
        {
         "name": "X4",
         "rawType": "float64",
         "type": "float"
        },
        {
         "name": "X5",
         "rawType": "float64",
         "type": "float"
        },
        {
         "name": "X6",
         "rawType": "float64",
         "type": "float"
        },
        {
         "name": "X7",
         "rawType": "float64",
         "type": "float"
        },
        {
         "name": "X8",
         "rawType": "float64",
         "type": "float"
        },
        {
         "name": "X9",
         "rawType": "float64",
         "type": "float"
        },
        {
         "name": "X10",
         "rawType": "float64",
         "type": "float"
        },
        {
         "name": "Y",
         "rawType": "float64",
         "type": "float"
        }
       ],
       "ref": "1872fccd-d41c-4939-8bec-6a949dd003c1",
       "rows": [
        [
         "0",
         "-0.3640240225042313",
         "-0.5350053278529326",
         "-0.09875554332106556",
         "0.6347828630120194",
         "-0.3035837408432816",
         "-1.6843693855500255",
         "-0.3166280706726232",
         "-0.3974183194492288",
         "0.06443823800086784",
         "1.11694067105568",
         "-1.3332634887174468"
        ],
        [
         "1",
         "-0.04098403022992084",
         "1.1069075186026915",
         "-0.4231735937798038",
         "-0.17654005785259133",
         "-0.8328479823036793",
         "0.40581989598284124",
         "0.970306216174261",
         "1.8408926619723363",
         "0.4970206169955695",
         "-1.324867144631056",
         "0.20893353806705994"
        ],
        [
         "2",
         "-0.517495501401783",
         "0.18686739814139453",
         "-1.212555410893848",
         "-1.701548414831775",
         "-1.3299315525594448",
         "-0.6445627510973917",
         "-0.35369891512733587",
         "-0.1720362784755954",
         "-0.48379959829554786",
         "-1.3126992097364403",
         "-2.834560426869537"
        ],
        [
         "3",
         "2.341057980437461",
         "0.9801384516272303",
         "0.5198369914119941",
         "1.1795574133249322",
         "0.385180573352695",
         "0.6014113714365178",
         "-0.02318265542025869",
         "-1.1953386637419385",
         "-0.012943833449142798",
         "-1.5951653795607161",
         "3.6779684869479135"
        ],
        [
         "4",
         "-0.7166275805705745",
         "0.24390483205264363",
         "-0.44950971100756515",
         "0.0365784333469874",
         "-0.7978587774845598",
         "-0.6974704681159452",
         "-0.8367873259718858",
         "0.909101547492765",
         "-0.8502773100313946",
         "-1.0195532444794948",
         "-2.8297645906449014"
        ]
       ],
       "shape": {
        "columns": 11,
        "rows": 5
       }
      },
      "text/html": [
       "<div>\n",
       "<style scoped>\n",
       "    .dataframe tbody tr th:only-of-type {\n",
       "        vertical-align: middle;\n",
       "    }\n",
       "\n",
       "    .dataframe tbody tr th {\n",
       "        vertical-align: top;\n",
       "    }\n",
       "\n",
       "    .dataframe thead th {\n",
       "        text-align: right;\n",
       "    }\n",
       "</style>\n",
       "<table border=\"1\" class=\"dataframe\">\n",
       "  <thead>\n",
       "    <tr style=\"text-align: right;\">\n",
       "      <th></th>\n",
       "      <th>X1</th>\n",
       "      <th>X2</th>\n",
       "      <th>X3</th>\n",
       "      <th>X4</th>\n",
       "      <th>X5</th>\n",
       "      <th>X6</th>\n",
       "      <th>X7</th>\n",
       "      <th>X8</th>\n",
       "      <th>X9</th>\n",
       "      <th>X10</th>\n",
       "      <th>Y</th>\n",
       "    </tr>\n",
       "  </thead>\n",
       "  <tbody>\n",
       "    <tr>\n",
       "      <th>0</th>\n",
       "      <td>-0.364024</td>\n",
       "      <td>-0.535005</td>\n",
       "      <td>-0.098756</td>\n",
       "      <td>0.634783</td>\n",
       "      <td>-0.303584</td>\n",
       "      <td>-1.684369</td>\n",
       "      <td>-0.316628</td>\n",
       "      <td>-0.397418</td>\n",
       "      <td>0.064438</td>\n",
       "      <td>1.116941</td>\n",
       "      <td>-1.333263</td>\n",
       "    </tr>\n",
       "    <tr>\n",
       "      <th>1</th>\n",
       "      <td>-0.040984</td>\n",
       "      <td>1.106908</td>\n",
       "      <td>-0.423174</td>\n",
       "      <td>-0.176540</td>\n",
       "      <td>-0.832848</td>\n",
       "      <td>0.405820</td>\n",
       "      <td>0.970306</td>\n",
       "      <td>1.840893</td>\n",
       "      <td>0.497021</td>\n",
       "      <td>-1.324867</td>\n",
       "      <td>0.208934</td>\n",
       "    </tr>\n",
       "    <tr>\n",
       "      <th>2</th>\n",
       "      <td>-0.517496</td>\n",
       "      <td>0.186867</td>\n",
       "      <td>-1.212555</td>\n",
       "      <td>-1.701548</td>\n",
       "      <td>-1.329932</td>\n",
       "      <td>-0.644563</td>\n",
       "      <td>-0.353699</td>\n",
       "      <td>-0.172036</td>\n",
       "      <td>-0.483800</td>\n",
       "      <td>-1.312699</td>\n",
       "      <td>-2.834560</td>\n",
       "    </tr>\n",
       "    <tr>\n",
       "      <th>3</th>\n",
       "      <td>2.341058</td>\n",
       "      <td>0.980138</td>\n",
       "      <td>0.519837</td>\n",
       "      <td>1.179557</td>\n",
       "      <td>0.385181</td>\n",
       "      <td>0.601411</td>\n",
       "      <td>-0.023183</td>\n",
       "      <td>-1.195339</td>\n",
       "      <td>-0.012944</td>\n",
       "      <td>-1.595165</td>\n",
       "      <td>3.677968</td>\n",
       "    </tr>\n",
       "    <tr>\n",
       "      <th>4</th>\n",
       "      <td>-0.716628</td>\n",
       "      <td>0.243905</td>\n",
       "      <td>-0.449510</td>\n",
       "      <td>0.036578</td>\n",
       "      <td>-0.797859</td>\n",
       "      <td>-0.697470</td>\n",
       "      <td>-0.836787</td>\n",
       "      <td>0.909102</td>\n",
       "      <td>-0.850277</td>\n",
       "      <td>-1.019553</td>\n",
       "      <td>-2.829765</td>\n",
       "    </tr>\n",
       "  </tbody>\n",
       "</table>\n",
       "</div>"
      ],
      "text/plain": [
       "         X1        X2        X3        X4        X5        X6        X7  \\\n",
       "0 -0.364024 -0.535005 -0.098756  0.634783 -0.303584 -1.684369 -0.316628   \n",
       "1 -0.040984  1.106908 -0.423174 -0.176540 -0.832848  0.405820  0.970306   \n",
       "2 -0.517496  0.186867 -1.212555 -1.701548 -1.329932 -0.644563 -0.353699   \n",
       "3  2.341058  0.980138  0.519837  1.179557  0.385181  0.601411 -0.023183   \n",
       "4 -0.716628  0.243905 -0.449510  0.036578 -0.797859 -0.697470 -0.836787   \n",
       "\n",
       "         X8        X9       X10         Y  \n",
       "0 -0.397418  0.064438  1.116941 -1.333263  \n",
       "1  1.840893  0.497021 -1.324867  0.208934  \n",
       "2 -0.172036 -0.483800 -1.312699 -2.834560  \n",
       "3 -1.195339 -0.012944 -1.595165  3.677968  \n",
       "4  0.909102 -0.850277 -1.019553 -2.829765  "
      ]
     },
     "execution_count": 36,
     "metadata": {},
     "output_type": "execute_result"
    }
   ],
   "source": [
    "data = pd.DataFrame(\n",
    "    X,\n",
    "    columns=[f\"X{i+1}\" for i in range(J)]\n",
    ")\n",
    "\n",
    "data[\"Y\"] = Y\n",
    "\n",
    "data.head()"
   ]
  },
  {
   "cell_type": "code",
   "execution_count": 37,
   "id": "0647346a",
   "metadata": {},
   "outputs": [
    {
     "data": {
      "application/vnd.microsoft.datawrangler.viewer.v0+json": {
       "columns": [
        {
         "name": "index",
         "rawType": "object",
         "type": "string"
        },
        {
         "name": "X1",
         "rawType": "float64",
         "type": "float"
        },
        {
         "name": "X2",
         "rawType": "float64",
         "type": "float"
        },
        {
         "name": "X3",
         "rawType": "float64",
         "type": "float"
        },
        {
         "name": "X4",
         "rawType": "float64",
         "type": "float"
        },
        {
         "name": "X5",
         "rawType": "float64",
         "type": "float"
        },
        {
         "name": "X6",
         "rawType": "float64",
         "type": "float"
        },
        {
         "name": "X7",
         "rawType": "float64",
         "type": "float"
        },
        {
         "name": "X8",
         "rawType": "float64",
         "type": "float"
        },
        {
         "name": "X9",
         "rawType": "float64",
         "type": "float"
        },
        {
         "name": "X10",
         "rawType": "float64",
         "type": "float"
        }
       ],
       "ref": "6c2bd544-db65-479f-8ac4-3268d6c9b21b",
       "rows": [
        [
         "X1",
         "1.0",
         "0.5525044996790723",
         "0.2021363160299693",
         "0.11707664362586251",
         "0.13374450620954767",
         "0.020667841277357466",
         "-0.1383426013145714",
         "-0.1835162390221703",
         "-0.11014350803888191",
         "-0.13874242146172766"
        ],
        [
         "X2",
         "0.5525044996790723",
         "1.0",
         "0.44618584114886634",
         "0.1686240651983036",
         "0.1432235802280174",
         "0.07922132837499872",
         "-0.12863233233193985",
         "-0.16884214227990121",
         "-0.13345814988822885",
         "-0.21009656518404077"
        ],
        [
         "X3",
         "0.2021363160299693",
         "0.44618584114886634",
         "1.0",
         "0.49236394845764464",
         "0.29845559345717065",
         "0.12019614946472733",
         "-0.05943351019626196",
         "-0.14756109036507295",
         "-0.07963322552757984",
         "-0.03538998963055543"
        ],
        [
         "X4",
         "0.11707664362586251",
         "0.1686240651983036",
         "0.49236394845764464",
         "1.0",
         "0.5129033259316879",
         "0.23284668378596596",
         "0.02022941080526106",
         "-0.02227288739553812",
         "-0.13375387233288194",
         "-0.12062788699830466"
        ],
        [
         "X5",
         "0.13374450620954767",
         "0.1432235802280174",
         "0.29845559345717065",
         "0.5129033259316879",
         "1.0",
         "0.5390190252783085",
         "0.23798465712581388",
         "0.07297668652255909",
         "-0.043454106456749846",
         "-0.019118085062063223"
        ],
        [
         "X6",
         "0.020667841277357466",
         "0.07922132837499872",
         "0.12019614946472733",
         "0.23284668378596596",
         "0.5390190252783085",
         "1.0",
         "0.45557485346315973",
         "0.18975368043406407",
         "-0.020316254862698536",
         "-0.015391374966681953"
        ],
        [
         "X7",
         "-0.1383426013145714",
         "-0.12863233233193985",
         "-0.05943351019626196",
         "0.02022941080526106",
         "0.23798465712581388",
         "0.45557485346315973",
         "1.0",
         "0.5129455968187264",
         "0.19091972511888136",
         "0.16860940891699308"
        ],
        [
         "X8",
         "-0.1835162390221703",
         "-0.16884214227990121",
         "-0.14756109036507295",
         "-0.02227288739553812",
         "0.07297668652255909",
         "0.18975368043406407",
         "0.5129455968187264",
         "1.0",
         "0.5058562048607409",
         "0.26322812510110283"
        ],
        [
         "X9",
         "-0.11014350803888191",
         "-0.13345814988822885",
         "-0.07963322552757984",
         "-0.13375387233288194",
         "-0.043454106456749846",
         "-0.020316254862698536",
         "0.19091972511888136",
         "0.5058562048607409",
         "1.0",
         "0.5174349341650655"
        ],
        [
         "X10",
         "-0.13874242146172766",
         "-0.21009656518404077",
         "-0.03538998963055543",
         "-0.12062788699830466",
         "-0.019118085062063223",
         "-0.015391374966681953",
         "0.16860940891699308",
         "0.26322812510110283",
         "0.5174349341650655",
         "1.0"
        ]
       ],
       "shape": {
        "columns": 10,
        "rows": 10
       }
      },
      "text/html": [
       "<div>\n",
       "<style scoped>\n",
       "    .dataframe tbody tr th:only-of-type {\n",
       "        vertical-align: middle;\n",
       "    }\n",
       "\n",
       "    .dataframe tbody tr th {\n",
       "        vertical-align: top;\n",
       "    }\n",
       "\n",
       "    .dataframe thead th {\n",
       "        text-align: right;\n",
       "    }\n",
       "</style>\n",
       "<table border=\"1\" class=\"dataframe\">\n",
       "  <thead>\n",
       "    <tr style=\"text-align: right;\">\n",
       "      <th></th>\n",
       "      <th>X1</th>\n",
       "      <th>X2</th>\n",
       "      <th>X3</th>\n",
       "      <th>X4</th>\n",
       "      <th>X5</th>\n",
       "      <th>X6</th>\n",
       "      <th>X7</th>\n",
       "      <th>X8</th>\n",
       "      <th>X9</th>\n",
       "      <th>X10</th>\n",
       "    </tr>\n",
       "  </thead>\n",
       "  <tbody>\n",
       "    <tr>\n",
       "      <th>X1</th>\n",
       "      <td>1.000000</td>\n",
       "      <td>0.552504</td>\n",
       "      <td>0.202136</td>\n",
       "      <td>0.117077</td>\n",
       "      <td>0.133745</td>\n",
       "      <td>0.020668</td>\n",
       "      <td>-0.138343</td>\n",
       "      <td>-0.183516</td>\n",
       "      <td>-0.110144</td>\n",
       "      <td>-0.138742</td>\n",
       "    </tr>\n",
       "    <tr>\n",
       "      <th>X2</th>\n",
       "      <td>0.552504</td>\n",
       "      <td>1.000000</td>\n",
       "      <td>0.446186</td>\n",
       "      <td>0.168624</td>\n",
       "      <td>0.143224</td>\n",
       "      <td>0.079221</td>\n",
       "      <td>-0.128632</td>\n",
       "      <td>-0.168842</td>\n",
       "      <td>-0.133458</td>\n",
       "      <td>-0.210097</td>\n",
       "    </tr>\n",
       "    <tr>\n",
       "      <th>X3</th>\n",
       "      <td>0.202136</td>\n",
       "      <td>0.446186</td>\n",
       "      <td>1.000000</td>\n",
       "      <td>0.492364</td>\n",
       "      <td>0.298456</td>\n",
       "      <td>0.120196</td>\n",
       "      <td>-0.059434</td>\n",
       "      <td>-0.147561</td>\n",
       "      <td>-0.079633</td>\n",
       "      <td>-0.035390</td>\n",
       "    </tr>\n",
       "    <tr>\n",
       "      <th>X4</th>\n",
       "      <td>0.117077</td>\n",
       "      <td>0.168624</td>\n",
       "      <td>0.492364</td>\n",
       "      <td>1.000000</td>\n",
       "      <td>0.512903</td>\n",
       "      <td>0.232847</td>\n",
       "      <td>0.020229</td>\n",
       "      <td>-0.022273</td>\n",
       "      <td>-0.133754</td>\n",
       "      <td>-0.120628</td>\n",
       "    </tr>\n",
       "    <tr>\n",
       "      <th>X5</th>\n",
       "      <td>0.133745</td>\n",
       "      <td>0.143224</td>\n",
       "      <td>0.298456</td>\n",
       "      <td>0.512903</td>\n",
       "      <td>1.000000</td>\n",
       "      <td>0.539019</td>\n",
       "      <td>0.237985</td>\n",
       "      <td>0.072977</td>\n",
       "      <td>-0.043454</td>\n",
       "      <td>-0.019118</td>\n",
       "    </tr>\n",
       "    <tr>\n",
       "      <th>X6</th>\n",
       "      <td>0.020668</td>\n",
       "      <td>0.079221</td>\n",
       "      <td>0.120196</td>\n",
       "      <td>0.232847</td>\n",
       "      <td>0.539019</td>\n",
       "      <td>1.000000</td>\n",
       "      <td>0.455575</td>\n",
       "      <td>0.189754</td>\n",
       "      <td>-0.020316</td>\n",
       "      <td>-0.015391</td>\n",
       "    </tr>\n",
       "    <tr>\n",
       "      <th>X7</th>\n",
       "      <td>-0.138343</td>\n",
       "      <td>-0.128632</td>\n",
       "      <td>-0.059434</td>\n",
       "      <td>0.020229</td>\n",
       "      <td>0.237985</td>\n",
       "      <td>0.455575</td>\n",
       "      <td>1.000000</td>\n",
       "      <td>0.512946</td>\n",
       "      <td>0.190920</td>\n",
       "      <td>0.168609</td>\n",
       "    </tr>\n",
       "    <tr>\n",
       "      <th>X8</th>\n",
       "      <td>-0.183516</td>\n",
       "      <td>-0.168842</td>\n",
       "      <td>-0.147561</td>\n",
       "      <td>-0.022273</td>\n",
       "      <td>0.072977</td>\n",
       "      <td>0.189754</td>\n",
       "      <td>0.512946</td>\n",
       "      <td>1.000000</td>\n",
       "      <td>0.505856</td>\n",
       "      <td>0.263228</td>\n",
       "    </tr>\n",
       "    <tr>\n",
       "      <th>X9</th>\n",
       "      <td>-0.110144</td>\n",
       "      <td>-0.133458</td>\n",
       "      <td>-0.079633</td>\n",
       "      <td>-0.133754</td>\n",
       "      <td>-0.043454</td>\n",
       "      <td>-0.020316</td>\n",
       "      <td>0.190920</td>\n",
       "      <td>0.505856</td>\n",
       "      <td>1.000000</td>\n",
       "      <td>0.517435</td>\n",
       "    </tr>\n",
       "    <tr>\n",
       "      <th>X10</th>\n",
       "      <td>-0.138742</td>\n",
       "      <td>-0.210097</td>\n",
       "      <td>-0.035390</td>\n",
       "      <td>-0.120628</td>\n",
       "      <td>-0.019118</td>\n",
       "      <td>-0.015391</td>\n",
       "      <td>0.168609</td>\n",
       "      <td>0.263228</td>\n",
       "      <td>0.517435</td>\n",
       "      <td>1.000000</td>\n",
       "    </tr>\n",
       "  </tbody>\n",
       "</table>\n",
       "</div>"
      ],
      "text/plain": [
       "           X1        X2        X3        X4        X5        X6        X7  \\\n",
       "X1   1.000000  0.552504  0.202136  0.117077  0.133745  0.020668 -0.138343   \n",
       "X2   0.552504  1.000000  0.446186  0.168624  0.143224  0.079221 -0.128632   \n",
       "X3   0.202136  0.446186  1.000000  0.492364  0.298456  0.120196 -0.059434   \n",
       "X4   0.117077  0.168624  0.492364  1.000000  0.512903  0.232847  0.020229   \n",
       "X5   0.133745  0.143224  0.298456  0.512903  1.000000  0.539019  0.237985   \n",
       "X6   0.020668  0.079221  0.120196  0.232847  0.539019  1.000000  0.455575   \n",
       "X7  -0.138343 -0.128632 -0.059434  0.020229  0.237985  0.455575  1.000000   \n",
       "X8  -0.183516 -0.168842 -0.147561 -0.022273  0.072977  0.189754  0.512946   \n",
       "X9  -0.110144 -0.133458 -0.079633 -0.133754 -0.043454 -0.020316  0.190920   \n",
       "X10 -0.138742 -0.210097 -0.035390 -0.120628 -0.019118 -0.015391  0.168609   \n",
       "\n",
       "           X8        X9       X10  \n",
       "X1  -0.183516 -0.110144 -0.138742  \n",
       "X2  -0.168842 -0.133458 -0.210097  \n",
       "X3  -0.147561 -0.079633 -0.035390  \n",
       "X4  -0.022273 -0.133754 -0.120628  \n",
       "X5   0.072977 -0.043454 -0.019118  \n",
       "X6   0.189754 -0.020316 -0.015391  \n",
       "X7   0.512946  0.190920  0.168609  \n",
       "X8   1.000000  0.505856  0.263228  \n",
       "X9   0.505856  1.000000  0.517435  \n",
       "X10  0.263228  0.517435  1.000000  "
      ]
     },
     "execution_count": 37,
     "metadata": {},
     "output_type": "execute_result"
    }
   ],
   "source": [
    "data.iloc[:,:10].corr()"
   ]
  },
  {
   "cell_type": "code",
   "execution_count": 43,
   "id": "8dad716a",
   "metadata": {},
   "outputs": [
    {
     "name": "stdout",
     "output_type": "stream",
     "text": [
      "0.0\n",
      "[0.99586339 0.70259086 0.65730277 0.40032438 0.34066367]\n"
     ]
    }
   ],
   "source": [
    "from sklearn.linear_model import LinearRegression\n",
    "\n",
    "model = LinearRegression(\n",
    "    fit_intercept=False\n",
    ")\n",
    "\n",
    "model.fit(\n",
    "    X,\n",
    "    Y\n",
    ")\n",
    "\n",
    "print(model.intercept_)\n",
    "print(model.coef_[0:5])"
   ]
  }
 ],
 "metadata": {
  "kernelspec": {
   "display_name": "base",
   "language": "python",
   "name": "python3"
  },
  "language_info": {
   "codemirror_mode": {
    "name": "ipython",
    "version": 3
   },
   "file_extension": ".py",
   "mimetype": "text/x-python",
   "name": "python",
   "nbconvert_exporter": "python",
   "pygments_lexer": "ipython3",
   "version": "3.12.3"
  }
 },
 "nbformat": 4,
 "nbformat_minor": 5
}
